.Random.seed <-
c(403L, 157L, 138263015L, -113273143L, 2068697239L, -1220773195L, 
123949331L, -289266700L, 337001389L, 2037112491L, -54298908L, 
1865331513L, 1271624779L, 2123899183L, -181984331L, -706842119L, 
-673971134L, 1893075856L, 982600376L, 1025129993L, -2033891013L, 
707073768L, 1164825171L, 556328765L, 288353367L, -947323486L, 
-1938751754L, -564233332L, 1202349450L, 352682759L, 407541486L, 
-2074212190L, 100014875L, -159530595L, -665323867L, 1804749540L, 
-209141905L, -1514070982L, 985631756L, -86250575L, -1564776486L, 
-822780126L, 859349215L, 985597432L, -650321804L, -348767147L, 
-354943699L, -1873382549L, 1022352609L, 1390224514L, 1329260452L, 
845712675L, -664147445L, -1211113370L, 547472180L, 379909052L, 
2045188005L, -1475336657L, 74304177L, 2047403850L, 1710102029L, 
1926404065L, -907106960L, -873778579L, 177384921L, 1762852021L, 
1068029184L, 1980699243L, -1871023659L, -1213495074L, 1412930462L, 
1647163829L, 1545485619L, 1967315598L, -1724136583L, -477002835L, 
1213311397L, 1622012841L, -1877380765L, 1563018891L, 1404845774L, 
-44822487L, -2060261182L, 1471080786L, 1376419912L, -77916423L, 
-1839640254L, 1445118386L, -1328761203L, -1028189872L, 1944593389L, 
94657378L, -630959990L, -1703519843L, -331140044L, 184375068L, 
2113500257L, 934301367L, 130913740L, 1996222083L, -543963779L, 
1654965953L, 1563042032L, 1317085584L, -1161408072L, 1472172027L, 
2107818382L, 659664544L, 36307350L, -1269915054L, 1606275286L, 
1682145834L, 379669281L, -1737196714L, 1627212104L, 1570818229L, 
-1587587L, -1504141055L, 90083806L, -1239662076L, -878383889L, 
-1914882367L, 492315679L, -545156993L, -1085207989L, 1439007110L, 
927483989L, -1968798382L, 1548411020L, 2068073124L, 572859161L, 
2064696243L, 1360425110L, -1388402069L, -2118012796L, 537943545L, 
1587971479L, 1349081205L, -956367020L, -937906527L, 1484906067L, 
1749541121L, 1617084948L, -79697097L, -200810949L, -1403894062L, 
-2003005644L, -1333774012L, 1648701924L, -439633880L, 2073839093L, 
-751978866L, -2042606495L, -1183351450L, 1593509538L, 261674554L, 
1311309119L, 588685870L, -1289029492L, -1858152809L, 1688908478L, 
1916875872L, 2017560085L, -1039521522L, -1072904817L, -1695892739L, 
82812232L, -916510352L, -1624332145L, 1585809039L, -8145235L, 
-76573379L, 1921499355L, -1231931226L, 957669560L, -1735611560L, 
-102349926L, 987638890L, 1217608749L, 1080146470L, -597326404L, 
-1522576165L, 2137548009L, 837343201L, -1836217802L, 1778459670L, 
-166447845L, 1827212729L, -1597992975L, 1474463010L, -206069164L, 
-1973854350L, 1676327331L, 1671075445L, 649301840L, -334144139L, 
549668187L, 276741118L, 1502702386L, 34481044L, 1695753049L, 
-1157557452L, -219496635L, 1909560729L, -700098238L, -936270952L, 
-1253784822L, 466000867L, 1204561103L, -885142747L, -1683276855L, 
-49117043L, -1637354241L, -1825588651L, 2135701153L, 1519359551L, 
1817938452L, 1625929388L, 366684811L, 215109515L, -1489581904L, 
-213930191L, 472013120L, -793949973L, 2082279207L, 1563178468L, 
1400178948L, 127387303L, 98937474L, -1071536010L, 1028665656L, 
-1206882414L, -523738453L, 2105175440L, -1132786851L, -1411653256L, 
608883883L, -488281103L, -454431177L, 1999008452L, 1307210541L, 
-2006119344L, 967987811L, 2120290657L, -598123428L, -1082722705L, 
-91346722L, 1099440905L, 1044549125L, 139158466L, 895130144L, 
1913178746L, -1457290205L, -580364389L, 94148456L, 916702917L, 
-636986497L, 1936215138L, -900917946L, -2106637104L, 572751632L, 
1875040835L, -266181951L, 540010511L, 999428913L, -1687858893L, 
-1644871166L, -451529424L, 439501921L, -209994027L, 387382969L, 
-1376795026L, 461620276L, 717371226L, -222869946L, 2002638046L, 
1086797818L, 2087871893L, -411476983L, 2094046457L, 628329640L, 
-2015109749L, 1281954141L, 38394639L, 1213418309L, -1688158982L, 
-1091458922L, -2075464162L, -9226721L, 775690474L, -1048908904L, 
2101936412L, -1003197465L, 260256256L, -1586947641L, 1134560651L, 
-719003779L, -1504345310L, -759478200L, 362240687L, 1018233470L, 
-1502161928L, -1468998254L, -917318336L, 116498924L, 1625424294L, 
-1012266549L, 2021671208L, 261030946L, 2090312262L, -1030181711L, 
-1584062866L, 623363688L, -860957731L, 978273063L, -859386178L, 
-1743662256L, 1770640406L, 2003367956L, 812326597L, 2054754724L, 
-2128604159L, -239087087L, 1950578437L, 1907235904L, 1610417810L, 
-1639750006L, -1865216617L, -1599091153L, -814417179L, 778301697L, 
2026731032L, -708528342L, 227817539L, 1818609769L, -1888504230L, 
383187327L, 1448122127L, 1839758528L, 376692855L, -1737211936L, 
-2105931216L, 1160878908L, 737711920L, 948549369L, 1337946768L, 
-332741435L, -675396691L, 2079362617L, 2047622182L, 1955662221L, 
-1804704477L, -1265965302L, 1739229000L, 1489082717L, -1409168837L, 
-416159928L, 914748240L, -650486632L, -678942268L, 1186223767L, 
132821966L, 1989287081L, -453275851L, 1451198240L, -718946723L, 
991081739L, -426924414L, 1682743929L, -265524785L, 2052239024L, 
949830822L, 667038425L, -1558852347L, -201466173L, 1473795210L, 
232668626L, -102203490L, -1157227253L, 1512754135L, 1302287484L, 
-820838151L, 428752276L, 208030253L, -1830598387L, 1586490261L, 
-722118841L, -833663084L, -1258731503L, 765976882L, 43471676L, 
2013876245L, -531124390L, -1268636694L, 1171788196L, -285439307L, 
-1901400526L, -1477559434L, -1039552918L, -1877284962L, -1785667442L, 
2034671476L, 462330211L, 2088944415L, -632822727L, -1476408837L, 
-1237185779L, 560960462L, -16482612L, -807630769L, 400108380L, 
-1835994304L, -1125743183L, -1512824939L, 631326909L, -224684230L, 
1077821285L, 2147433040L, 1483446470L, 374410951L, 1035356553L, 
-269857615L, 220413674L, -305783201L, 1279193039L, 591106624L, 
402120328L, -553871205L, -924589034L, -420291159L, -1998033715L, 
-503250209L, -131038172L, -1753480549L, -44540098L, -863246123L, 
-1728264456L, -1768139581L, 1309040669L, 1295086001L, 970641814L, 
1422156113L, 429236572L, 1378986083L, -2107147806L, 760619662L, 
-567904658L, -1179073804L, -229565652L, 1776408807L, 875120680L, 
-1644272689L, 1564574327L, 635083495L, -1567755242L, -1101899872L, 
-1681576659L, 190108384L, -291038800L, -1698819749L, -1781582282L, 
1107155660L, -1864454108L, 2131877367L, -1873922908L, -224880948L, 
1402635983L, 218147747L, -1329498619L, -1908409734L, -1757631867L, 
-1977465599L, -1900411578L, 477904715L, 1278227443L, 497443902L, 
1444698562L, -1371111344L, 1944700234L, -652367158L, -1527990970L, 
-197348492L, 1242915742L, 724302226L, 268318880L, -2047499564L, 
-541119136L, -1019798904L, 94000756L, -909086593L, 1761018031L, 
-2143701089L, -278924455L, 1204218343L, 444371134L, -1176010898L, 
1144970002L, -199005364L, -280254059L, -1489270034L, -499581842L, 
1043001437L, 1210016098L, -1719422417L, -393639338L, 1604939848L, 
-1898779368L, 413278272L, 1044210595L, 1655729839L, -485085108L, 
1652925716L, 405703699L, 1642576554L, 1474269328L, -433018198L, 
881975766L, 1413823895L, -33203967L, 2047940826L, 10163471L, 
-1480979585L, -340088042L, 1860380551L, 1892884691L, -583842402L, 
-263623084L, 1620688358L, -1406286210L, -944308385L, -394454179L, 
928628829L, 1882028841L, 2143207191L, -1905804618L, 1287879517L, 
1086953245L, -103584699L, -1548956594L, 1952406280L, 1398726657L, 
-592983722L, -149093034L, 2113015614L, -356836445L, -1259764544L, 
1757080588L, 1745792626L, 1442974182L, -105173793L, -966100667L, 
-978159648L, 1344223903L, -2021009822L, 1452559347L, -2082231628L, 
-2101539537L, -512253792L, -1645404814L, 1786914616L, -1792594492L, 
-399277916L, -747968366L, 1687288666L, -2025437934L, -611561861L, 
1964529287L, 1952105133L, 1774476992L, 125581893L, -1542659340L, 
1118914794L, 1349956845L, -1985823929L, -1839942013L, 1703728156L, 
-1840451973L, 61130717L, 2104328815L, 1931288152L, -617409835L, 
-1337281749L, 724764005L, -461456511L, 1757604257L, 1701111316L, 
59000380L, 83602519L, -386243238L, -1051287717L, 639455235L, 
-1105940897L, -648105418L, -1769140447L, 1848645583L, -16432807L, 
